A user of LVL23HT released a dump of usernames and passwords on Jan 24,2025. We need to get the list of all of the accounts involved. 


How many accounts were involved?
1334

What is the password for a Manuel Criacao?
G1h4t5m8


What is the decoded password of this?

60 60 61 61 60 60 61 60 40 60 61 61 60 60 61 60 61 40 60 60 61 60 60 60 60 60 40 60 60 61 61 60 60 61 60 40 60 61 61 60 60 61 60 61 40 60 60 61 60 60 60 60 60 40 60 60 61 61 60 60 61 60 40 60 61 61 60 60 61 60 61 40 60 60 61 60 60 60 60 60 40 60 60 61 61 60 60 61 60 40 60 61 61 60 60 61 60 61 40 60 60 61 60 60 60 60 60 40 60 60 61 61 60 60 61 60 40 60 61 61 60 60 61 60 61 40 60 60 61 60 60 60 60 60 40 60 60 61 61 60 60 61 60 40 60 60 61 61 60 60 60 60 40 60 60 61 60 60 60 60 60 40 60 60 61 61 60 60 61 60 40 60 61 61 60 60 61 60 61 40 60 60 61 60 60 60 60 60 40 60 60 61 61 60 60 61 60 40 60 61 61 60 60 61 60 61 40 60 60 61 60 60 60 60 60 40 60 60 61 61 60 60 61 60 40 60 61 61 60 60 61 60 61 40 60 60 61 60 60 60 60 60 40 60 60 61 61 60 60 61 60 40 60 61 61 60 60 61 60 60 40 60 60 61 60 60 60 60 60 40 60 60 61 61 60 60 61 60 40 60 61 61 60 60 61 60 60 40 60 60 61 60 60 60 60 60 40 60 60 61 61 60 60 60 60 40 60 61 61 60 60 60 60 61 40 60 60 61 60 60 60 60 60 40 60 60 61 61 60 60 61 60 40 60 61 61 60 60 61 60 61 40 60 60 61 60 60 60 60 60 40 60 60 61 61 60 60 61 60 40 60 61 61 60 60 61 60 61 40 60 60 61 60 60 60 60 60 40 60 60 61 61 60 60 61 60 40 60 61 61 60 60 61 60 61 40 60 60 61 60 60 60 60 60 40 60 60 61 61 60 60 61 60 40 60 61 61 60 60 61 60 61 40 60 60 61 60 60 60 60 60 40 60 60 61 61 60 60 61 60 40 60 61 61 60 60 61 60 61 40 60 60 61 60 60 60 60 60 40 60 60 61 61 60 60 61 60 40 60 60 61 61 60 60 60 60 40 60 60 61 60 60 60 60 60 40 60 60 61 61 60 60 61 60 40 60 61 61 60 60 61 60 60 40 60 60 61 60 60 60 60 60 40 60 60 61 61 60 60 61 60 40 60 61 61 60 60 61 60 60 40 60 60 61 60 60 60 60 60 40 60 60 61 61 60 60 61 60 40 60 61 61 60 60 61 60 61 40 60 60 61 60 60 60 60 60 40 60 60 61 61 60 60 61 60 40 60 61 61 60 60 61 60 61 40 60 60 61 60 60 60 60 60 40 60 60 61 61 60 60 61 60 40 60 61 61 60 60 61 60 61 40 60 60 61 60 60 60 60 60 40 60 60 61 61 60 60 60 60 40 60 61 61 60 60 60 60 61 40 60 60 61 60 60 60 60 60 40 60 60 61 61 60 60 61 60 40 60 61 61 60 60 61 60 60 40 60 60 61 60 60 60 60 60 40 60 60 61 61 60 60 61 60 40 60 61 61 60 60 61 60 61 40 60 60 61 60 60 60 60 60 40 60 60 61 61 60 60 61 60 40 60 61 61 60 60 61 60 61 40 60 60 61 60 60 60 60 60 40 60 60 61 61 60 60 61 60 40 60 61 61 60 60 61 60 61 40 60 60 61 60 60 60 60 60 40 60 60 61 61 60 60 61 60 40 60 61 61 60 60 61 60 61 40 60 60 61 60 60 60 60 60 40 60 60 61 61 60 60 61 60 40 60 60 61 61 60 60 60 60 40 60 60 61 60 60 60 60 60 40 60 60 61 61 60 60 61 60 40 60 61 61 60 60 61 60 61 40 60 60 61 60 60 60 60 60 40 60 60 61 61 60 60 61 60 40 60 61 61 60 60 61 60 61 40 60 60 61 60 60 60 60 60 40 60 60 61 61 60 60 61 60 40 60 61 61 60 60 61 60 61 40 60 60 61 60 60 60 60 60 40 60 60 61 61 60 60 61 60 40 60 61 61 60 60 61 60 61 40 60 60 61 60 60 60 60 60 40 60 60 61 61 60 60 61 60 40 60 61 61 60 60 61 60 60 40 60 60 61 60 60 60 60 60 40 60 60 61 61 60 60 60 60 40 60 61 61 60 60 60 60 61 40 60 60 61 60 60 60 60 60 40 60 60 61 61 60 60 61 60 40 60 61 61 60 60 61 60 61 40 60 60 61 60 60 60 60 60 40 60 60 61 61 60 60 61 60 40 60 61 61 60 60 61 60 61 40 60 60 61 60 60 60 60 60 40 60 60 61 61 60 60 61 60 40 60 61 61 60 60 61 60 61 40 60 60 61 60 60 60 60 60 40 60 60 61 61 60 60 61 60 40 60 61 61 60 60 61 60 60 40 60 60 61 60 60 60 60 60 40 60 60 61 61 60 60 61 60 40 60 61 61 60 60 61 60 60 40 60 60 61 60 60 60 60 60 40 60 60 61 61 60 60 61 60 40 60 60 61 61 60 60 60 60 40 60 60 61 60 60 60 60 60 40 60 60 61 61 60 60 61 60 40 60 61 61 60 60 61 60 61 40 60 60 61 60 60 60 60 60 40 60 60 61 61 60 60 61 60 40 60 61 61 60 60 61 60 60 40 60 60 61 60 60 60 60 60 40 60 60 61 61 60 60 61 60 40 60 61 61 60 60 61 60 60 40 60 60 61 60 60 60 60 60 40 60 60 61 61 60 60 61 60 40 60 61 61 60 60 61 60 60 40 60 60 61 60 60 60 60 60 40 60 60 61 61 60 60 61 60 40 60 61 61 60 60 61 60 60 40 60 60 61 60 60 60 60 60 40 60 60 61 61 60 60 60 60 40 60 61 61 60 60 60 60 61 40 60 60 61 60 60 60 60 60 40 60 60 61 61 60 60 61 60 40 60 61 61 60 60 61 60 61 40 60 60 61 60 60 60 60 60 40 60 60 61 61 60 60 61 60 40 60 61 61 60 60 61 60 61 40 60 60 61 60 60 60 60 60 40 60 60 61 61 60 60 61 60 40 60 61 61 60 60 61 60 61 40 60 60 61 60 60 60 60 60 40 60 60 61 61 60 60 61 60 40 60 61 61 60 60 61 60 61 40 60 60 61 60 60 60 60 60 40 60 60 61 61 60 60 61 60 40 60 61 61 60 60 61 60 61 40 60 60 61 60 60 60 60 60 40 60 60 61 61 60 60 61 60 40 60 60 61 61 60 60 60 60 40 60 60 61 60 60 60 60 60 40 60 60 61 61 60 60 61 60 40 60 61 61 60 60 61 60 60 40 60 60 61 60 60 60 60 60 40 60 60 61 61 60 60 61 60 40 60 61 61 60 60 61 60 60 40 60 60 61 60 60 60 60 60 40 60 60 61 61 60 60 61 60 40 60 61 61 60 60 61 60 60 40 60 60 61 60 60 60 60 60 40 60 60 61 61 60 60 61 60 40 60 61 61 60 60 61 60 60 40 60 60 61 60 60 60 60 60 40 60 60 61 61 60 60 61 60 40 60 61 61 60 60 61 60 61 40 60 60 61 60 60 60 60 60 40 60 60 61 61 60 60 60 60 40 60 61 61 60 60 60 60 61 40 60 60 61 60 60 60 60 60 40 60 60 61 61 60 60 61 60 40 60 61 61 60 60 61 60 61 40 60 60 61 60 60 60 60 60 40 60 60 61 61 60 60 61 60 40 60 61 61 60 60 61 60 61 40 60 60 61 60 60 60 60 60 40 60 60 61 61 60 60 61 60 40 60 61 61 60 60 61 60 61 40 60 60 61 60 60 60 60 60 40 60 60 61 61 60 60 61 60 40 60 61 61 60 60 61 60 61 40 60 60 61 60 60 60 60 60 40 60 60 61 61 60 60 61 60 40 60 61 61 60 60 61 60 61 40 60 60 61 60 60 60 60 60 40 60 60 61 61 60 60 61 60 40 60 60 61 61 60 60 60 60 40 60 60 61 60 60 60 60 60 40 60 60 61 61 60 60 61 60 40 60 61 61 60 60 61 60 60 40 60 60 61 60 60 60 60 60 40 60 60 61 61 60 60 61 60 40 60 61 61 60 60 61 60 60 40 60 60 61 60 60 60 60 60 40 60 60 61 61 60 60 61 60 40 60 61 61 60 60 61 60 61 40 60 60 61 60 60 60 60 60 40 60 60 61 61 60 60 61 60 40 60 61 61 60 60 61 60 61 40 60 60 61 60 60 60 60 60 40 60 60 61 61 60 60 61 60 40 60 61 61 60 60 61 60 61 40 60 60 61 60 60 60 60 60 40 60 60 61 61 60 60 60 60 40 60 61 61 60 60 60 60 61 40 60 60 61 60 60 60 60 60 40 60 60 61 61 60 60 61 60 40 60 61 61 60 60 61 60 61 40 60 60 61 60 60 60 60 60 40 60 60 61 61 60 60 61 60 40 60 61 61 60 60 61 60 61 40 60 60 61 60 60 60 60 60 40 60 60 61 61 60 60 61 60 40 60 61 61 60 60 61 60 61 40 60 60 61 60 60 60 60 60 40 60 60 61 61 60 60 61 60 40 60 61 61 60 60 61 60 60 40 60 60 61 60 60 60 60 60 40 60 60 61 61 60 60 61 60 40 60 61 61 60 60 61 60 60 40 60 60 61 60 60 60 60 60 40 60 60 61 61 60 60 61 60 40 60 60 61 61 60 60 60 60 40 60 60 61 60 60 60 60 60 40 60 60 61 61 60 60 61 60 40 60 61 61 60 60 61 60 61 40 60 60 61 60 60 60 60 60 40 60 60 61 61 60 60 61 60 40 60 61 61 60 60 61 60 61 40 60 60 61 60 60 60 60 60 40 60 60 61 61 60 60 61 60 40 60 61 61 60 60 61 60 61 40 60 60 61 60 60 60 60 60 40 60 60 61 61 60 60 61 60 40 60 61 61 60 60 61 60 61 40 60 60 61 60 60 60 60 60 40 60 60 61 61 60 60 61 60 40 60 61 61 60 60 61 60 61 40 60 60 61 60 60 60 60 60 40 60 60 61 61 60 60 60 60 40 60 61 61 60 60 60 60 61 40 60 60 61 60 60 60 60 60 40 60 60 61 61 60 60 61 60 40 60 61 61 60 60 61 60 60 40 60 60 61 60 60 60 60 60 40 60 60 61 61 60 60 61 60 40 60 61 61 60 60 61 60 61 40 60 60 61 60 60 60 60 60 40 60 60 61 61 60 60 61 60 40 60 61 61 60 60 61 60 61 40 60 60 61 60 60 60 60 60 40 60 60 61 61 60 60 61 60 40 60 61 61 60 60 61 60 61 40 60 60 61 60 60 60 60 60 40 60 60 61 61 60 60 61 60 40 60 61 61 60 60 61 60 61 40 60 60 61 60 60 60 60 60 40 60 60 61 61 60 60 61 60 40 60 60 61 61 60 60 60 60 40 60 60 61 60 60 60 60 60 40 60 60 61 61 60 60 61 60 40 60 61 61 60 60 61 60 60 40 60 60 61 60 60 60 60 60 40 60 60 61 61 60 60 61 60 40 60 61 61 60 60 61 60 60 40 60 60 61 60 60 60 60 60 40 60 60 61 61 60 60 61 60 40 60 61 61 60 60 61 60 60 40 60 60 61 60 60 60 60 60 40 60 60 61 61 60 60 61 60 40 60 61 61 60 60 61 60 61 40 60 60 61 60 60 60 60 60 40 60 60 61 61 60 60 61 60 40 60 61 61 60 60 61 60 61 40 60 60 61 60 60 60 60 60 40 60 60 61 61 60 60 60 60 40 60 61 61 60 60 60 60 61 40 60 60 61 60 60 60 60 60 40 60 60 61 61 60 60 61 60 40 60 61 61 60 60 61 60 61 40 60 60 61 60 60 60 60 60 40 60 60 61 61 60 60 61 60 40 60 61 61 60 60 61 60 61 40 60 60 61 60 60 60 60 60 40 60 60 61 61 60 60 61 60 40 60 61 61 60 60 61 60 61 40 60 60 61 60 60 60 60 60 40 60 60 61 61 60 60 61 60 40 60 61 61 60 60 61 60 61 40 60 60 61 60 60 60 60 60 40 60 60 61 61 60 60 61 60 40 60 61 61 60 60 61 60 60 40 60 60 61 60 60 60 60 60 40 60 60 61 61 60 60 61 60 40 60 60 61 61 60 60 60 60 40 60 60 61 60 60 60 60 60 40 60 60 61 61 60 60 61 60 40 60 61 61 60 60 61 60 60 40 60 60 61 60 60 60 60 60 40 60 60 61 61 60 60 61 60 40 60 61 61 60 60 61 60 61 40 60 60 61 60 60 60 60 60 40 60 60 61 61 60 60 61 60 40 60 61 61 60 60 61 60 61 40 60 60 61 60 60 60 60 60 40 60 60 61 61 60 60 60 60 40 60 61 61 60 60 60 60 61 40 60 60 61 60 60 60 60 60 40 60 60 61 61 60 60 61 60 40 60 61 61 60 60 61 60 61 40 60 60 61 60 60 60 60 60 40 60 60 61 61 60 60 61 60 40 60 61 61 60 60 61 60 61 40 60 60 61 60 60 60 60 60 40 60 60 61 61 60 60 61 60 40 60 61 61 60 60 61 60 61 40 60 60 61 60 60 60 60 60 40 60 60 61 61 60 60 61 60 40 60 61 61 60 60 61 60 61 40 60 60 61 60 60 60 60 60 40 60 60 61 61 60 60 61 60 40 60 61 61 60 60 61 60 60 40 60 60 61 60 60 60 60 60 40 60 60 61 61 60 60 61 60 40 60 60 61 61 60 60 60 60 40 60 60 61 60 60 60 60 60 40 60 60 61 61 60 60 61 60 40 60 61 61 60 60 61 60 61 40 60 60 61 60 60 60 60 60 40 60 60 61 61 60 60 61 60 40 60 61 61 60 60 61 60 61 40 60 60 61 60 60 60 60 60 40 60 60 61 61 60 60 61 60 40 60 61 61 60 60 61 60 61 40 60 60 61 60 60 60 60 60 40 60 60 61 61 60 60 61 60 40 60 61 61 60 60 61 60 61 40 60 60 61 60 60 60 60 60 40 60 60 61 61 60 60 61 60 40 60 61 61 60 60 61 60 60 40 60 60 61 60 60 60 60 60 40 60 60 61 61 60 60 60 60 40 60 61 61 60 60 60 60 61 40 60 60 61 60 60 60 60 60 40 60 60 61 61 60 60 61 60 40 60 61 61 60 60 61 60 61 40 60 60 61 60 60 60 60 60 40 60 60 61 61 60 60 61 60 40 60 61 61 60 60 61 60 61 40 60 60 61 60 60 60 60 60 40 60 60 61 61 60 60 61 60 40 60 61 61 60 60 61 60 61 40 60 60 61 60 60 60 60 60 40 60 60 61 61 60 60 61 60 40 60 61 61 60 60 61 60 61 40 60 60 61 60 60 60 60 60 40 60 60 61 61 60 60 61 60 40 60 61 61 60 60 61 60 60 40 60 60 61 60 60 60 60 60 40 60 60 61 61 60 60 61 60 40 60 60 61 61 60 60 60 60 40 60 60 61 60 60 60 60 60 40 60 60 61 61 60 60 61 60 40 60 61 61 60 60 61 60 60 40 60 60 61 60 60 60 60 60 40 60 60 61 61 60 60 61 60 40 60 61 61 60 60 61 60 60 40 60 60 61 60 60 60 60 60 40 60 60 61 61 60 60 61 60 40 60 61 61 60 60 61 60 60 40 60 60 61 60 60 60 60 60 40 60 60 61 61 60 60 61 60 40 60 61 61 60 60 61 60 60 40 60 60 61 60 60 60 60 60 40 60 60 61 61 60 60 61 60 40 60 61 61 60 60 61 60 61 40 60 60 61 60 60 60 60 60 40 60 60 61 61 60 60 60 60 40 60 61 61 60 60 60 60 61 40 60 60 61 60 60 60 60 60 40 60 60 61 61 60 60 61 60 40 60 61 61 60 60 61 60 61 40 60 60 61 60 60 60 60 60 40 60 60 61 61 60 60 61 60 40 60 61 61 60 60 61 60 61 40 60 60 61 60 60 60 60 60 40 60 60 61 61 60 60 61 60 40 60 61 61 60 60 61 60 61 40 60 60 61 60 60 60 60 60 40 60 60 61 61 60 60 61 60 40 60 61 61 60 60 61 60 60 40 60 60 61 60 60 60 60 60 40 60 60 61 61 60 60 61 60 40 60 61 61 60 60 61 60 60 40 60 60 61 60 60 60 60 60 40 60 60 61 61 60 60 61 60 40 60 60 61 61 60 60 60 60 40 60 60 61 60 60 60 60 60 40 60 60 61 61 60 60 61 60 40 60 61 61 60 60 61 60 60 40 60 60 61 60 60 60 60 60 40 60 60 61 61 60 60 61 60 40 60 61 61 60 60 61 60 61 40 60 60 61 60 60 60 60 60 40 60 60 61 61 60 60 61 60 40 60 61 61 60 60 61 60 61

Answer: Iguana02


What email does it belong to?
mongedavid02@outlook.com





